305010000 305.04167 0nan nan nan
305020000 305.08333 0nan nan nan
305030000 305.12500 0nan nan nan
305040000 305.16667 0nan nan nan
305050000 305.20833 0nan nan nan
305060000 305.25000 0nan nan nan
305070000 305.29167 0nan nan nan
305080000 305.33333 0nan nan nan
305090000 305.37500 0nan nan nan
305100000 305.41667 0nan nan nan
305110000 305.45833 0nan nan nan
305120000 305.50000 0nan nan nan
305130000 305.54167 0nan nan nan
305140000 305.58333 0nan nan nan
305150000 305.62500 0nan nan nan
305160000 305.66667 0nan nan nan
305170000 305.70833 0nan nan nan
305180000 305.75000 0nan nan nan
305190000 305.79167 0nan nan nan
305200000 305.83333 0nan nan nan
305210000 305.87500 0nan nan nan
305220000 305.91667 0nan nan nan
305230000 305.95833 0nan nan nan
305240000 306.00000 0nan nan nan
306010000 306.04167 0nan nan nan
306020000 306.08333 0nan nan nan
306030000 306.12500 0nan nan nan
306040000 306.16667 0nan nan nan
306050000 306.20833 0nan nan nan
306060000 306.25000 0nan nan nan
306070000 306.29167 0nan nan nan
306080000 306.33333 0nan nan nan
306090000 306.37500 0nan nan nan
306100000 306.41667 0nan nan nan
306110000 306.45833 0nan nan nan
306120000 306.50000 0nan nan nan
306130000 306.54167 0nan nan nan
306140000 306.58333 0nan nan nan
306150000 306.62500 0nan nan nan
306160000 306.66667 0nan nan nan
306170000 306.70833 0nan nan nan
306180000 306.75000 0nan nan nan
306190000 306.79167 0nan nan nan
306200000 306.83333 0nan nan nan
306210000 306.87500 0nan nan nan
306220000 306.91667 0nan nan nan
306230000 306.95833 0nan nan nan
306240000 307.00000 0nan nan nan
307010000 307.04167 0nan nan nan
307020000 307.08333 0nan nan nan
307030000 307.12500 0nan nan nan
307040000 307.16667 0nan nan nan
307050000 307.20833 0nan nan nan
307060000 307.25000 0nan nan nan
307070000 307.29167 0nan nan nan
307080000 307.33333 0nan nan nan
307090000 307.37500 0nan nan nan
307100000 307.41667 0nan nan nan
307110000 307.45833 0nan nan nan
307120000 307.50000 0nan nan nan
307130000 307.54167 0nan nan nan
307140000 307.58333 0nan nan nan
307150000 307.62500 0nan nan nan
307160000 307.66667 0nan nan nan
307170000 307.70833 0nan nan nan
307180000 307.75000 0nan nan nan
307190000 307.79167 0nan nan nan
307200000 307.83333 0nan nan nan
307210000 307.87500 0nan nan nan
307220000 307.91667 0nan nan nan
307230000 307.95833 0nan nan nan
307240000 308.00000 0nan nan nan
308010000 308.04167 0nan nan nan
308020000 308.08333 0nan nan nan
308030000 308.12500 0nan nan nan
308040000 308.16667 0nan nan nan
308050000 308.20833 0nan nan nan
308060000 308.25000 0nan nan nan
308070000 308.29167 0nan nan nan
308080000 308.33333 0nan nan nan
308090000 308.37500 0nan nan nan
308100000 308.41667 0nan nan nan
308110000 308.45833 0nan nan nan
308120000 308.50000 0nan nan nan
308130000 308.54167 0nan nan nan
308140000 308.58333 0nan nan nan
308150000 308.62500 0nan nan nan
308160000 308.66667 0nan nan nan
308170000 308.70833 0nan nan nan
308180000 308.75000 0nan nan nan
308190000 308.79167 0nan nan nan
308200000 308.83333 0nan nan nan
308210000 308.87500 0nan nan nan
308220000 308.91667 0nan nan nan
308230000 308.95833 0nan nan nan
308240000 309.00000 0nan nan nan
309010000 309.04167 0nan nan nan
309020000 309.08333 0nan nan nan
309030000 309.12500 0nan nan nan
309040000 309.16667 0nan nan nan
309050000 309.20833 0nan nan nan
309060000 309.25000 0nan nan nan
309070000 309.29167 0nan nan nan
309080000 309.33333 0nan nan nan
309090000 309.37500 0nan nan nan
309100000 309.41667 0nan nan nan
309110000 309.45833 0nan nan nan
309120000 309.50000 0nan nan nan
309130000 309.54167 0nan nan nan
309140000 309.58333 0nan nan nan
309150000 309.62500 0nan nan nan
309160000 309.66667 0nan nan nan
309170000 309.70833 0nan nan nan
309180000 309.75000 0nan nan nan
309190000 309.79167 0nan nan nan
309200000 309.83333 0nan nan nan
309210000 309.87500 0nan nan nan
309220000 309.91667 0nan nan nan
309230000 309.95833 0nan nan nan
309240000 310.00000 0nan nan nan
310010000 310.04167 0nan nan nan
310020000 310.08333 0nan nan nan
310030000 310.12500 0nan nan nan
310040000 310.16667 0nan nan nan
310050000 310.20833 0nan nan nan
310060000 310.25000 0nan nan nan
310070000 310.29167 0nan nan nan
310080000 310.33333 0nan nan nan
310090000 310.37500 0nan nan nan
310100000 310.41667 0nan nan nan
310110000 310.45833 0nan nan nan
310120000 310.50000 0nan nan nan
310130000 310.54167 0nan nan nan
310140000 310.58333 0nan nan nan
310150000 310.62500 0nan nan nan
310160000 310.66667 0nan nan nan
310170000 310.70833 0nan nan nan
310180000 310.75000 0nan nan nan
310190000 310.79167 0nan nan nan
310200000 310.83333 0nan nan nan
310210000 310.87500 0nan nan nan
310220000 310.91667 0nan nan nan
310230000 310.95833 0nan nan nan
310240000 311.00000 0nan nan nan
311010000 311.04167 0nan nan nan
311020000 311.08333 0nan nan nan
311030000 311.12500 0nan nan nan
311040000 311.16667 0nan nan nan
311050000 311.20833 0nan nan nan
311060000 311.25000 0nan nan nan
311070000 311.29167 0nan nan nan
311080000 311.33333 0nan nan nan
311090000 311.37500 0nan nan nan
311100000 311.41667 0nan nan nan
311110000 311.45833 0nan nan nan
311120000 311.50000 0nan nan nan
311130000 311.54167 0nan nan nan
311140000 311.58333 0nan nan nan
311150000 311.62500 0nan nan nan
311160000 311.66667 0nan nan nan
311170000 311.70833 0nan nan nan
311180000 311.75000 0nan nan nan
311190000 311.79167 0nan nan nan
311200000 311.83333 0nan nan nan
311210000 311.87500 0nan nan nan
311220000 311.91667 0nan nan nan
311230000 311.95833 0nan nan nan
311240000 312.00000 0nan nan nan
312010000 312.04167 0nan nan nan
312020000 312.08333 0nan nan nan
312030000 312.12500 0nan nan nan
312040000 312.16667 0nan nan nan
312050000 312.20833 0nan nan nan
312060000 312.25000 0nan nan nan
312070000 312.29167 0nan nan nan
312080000 312.33333 0nan nan nan
312090000 312.37500 0nan nan nan
312100000 312.41667 0nan nan nan
312110000 312.45833 0nan nan nan
312120000 312.50000 0nan nan nan
312130000 312.54167 0nan nan nan
312140000 312.58333 0nan nan nan
312150000 312.62500 0nan nan nan
312160000 312.66667 0nan nan nan
312170000 312.70833 0nan nan nan
312180000 312.75000 0nan nan nan
312190000 312.79167 0nan nan nan
312200000 312.83333 0nan nan nan
312210000 312.87500 0nan nan nan
312220000 312.91667 0nan nan nan
312230000 312.95833 0nan nan nan
312240000 313.00000 0nan nan nan
313010000 313.04167 0nan nan nan
313020000 313.08333 0nan nan nan
313030000 313.12500 0nan nan nan
313040000 313.16667 0nan nan nan
313050000 313.20833 0nan nan nan
313060000 313.25000 0nan nan nan
313070000 313.29167 0nan nan nan
313080000 313.33333 0nan nan nan
313090000 313.37500 0nan nan nan
313100000 313.41667 0nan nan nan
313110000 313.45833 0nan nan nan
313120000 313.50000 0nan nan nan
313130000 313.54167 0nan nan nan
313140000 313.58333 0nan nan nan
313150000 313.62500 0nan nan nan
313160000 313.66667 0nan nan nan
313170000 313.70833 0nan nan nan
313180000 313.75000 0nan nan nan
313190000 313.79167 0nan nan nan
313200000 313.83333 0nan nan nan
313210000 313.87500 0nan nan nan
313220000 313.91667 0nan nan nan
313230000 313.95833 0nan nan nan
313240000 314.00000 0nan nan nan
314010000 314.04167 0nan nan nan
314020000 314.08333 0nan nan nan
314030000 314.12500 0nan nan nan
314040000 314.16667 0nan nan nan
314050000 314.20833 0nan nan nan
314060000 314.25000 0nan nan nan
314070000 314.29167 0nan nan nan
314080000 314.33333 0nan nan nan
314090000 314.37500 0nan nan nan
314100000 314.41667 0nan nan nan
314110000 314.45833 0nan nan nan
314120000 314.50000 0nan nan nan
314130000 314.54167 0nan nan nan
314140000 314.58333 0nan nan nan
314150000 314.62500 0nan nan nan
314160000 314.66667 0nan nan nan
314170000 314.70833 0nan nan nan
314180000 314.75000 0nan nan nan
314190000 314.79167 0nan nan nan
314200000 314.83333 0nan nan nan
314210000 314.87500 0nan nan nan
314220000 314.91667 0nan nan nan
314230000 314.95833 0nan nan nan
314240000 315.00000 0nan nan nan
315010000 315.04167 0nan nan nan
315020000 315.08333 0nan nan nan
315030000 315.12500 0nan nan nan
315040000 315.16667 0nan nan nan
315050000 315.20833 0nan nan nan
315060000 315.25000 0nan nan nan
315070000 315.29167 0nan nan nan
315080000 315.33333 0nan nan nan
315090000 315.37500 0nan nan nan
315100000 315.41667 0nan nan nan
315110000 315.45833 0nan nan nan
315120000 315.50000 0nan nan nan
315130000 315.54167 0nan nan nan
315140000 315.58333 0nan nan nan
315150000 315.62500 0nan nan nan
315160000 315.66667 0nan nan nan
315170000 315.70833 0nan nan nan
315180000 315.75000 0nan nan nan
315190000 315.79167 0nan nan nan
315200000 315.83333 0nan nan nan
315210000 315.87500 0nan nan nan
315220000 315.91667 0nan nan nan
315230000 315.95833 0nan nan nan
315240000 316.00000 0nan nan nan
316010000 316.04167 0nan nan nan
316020000 316.08333 0nan nan nan
316030000 316.12500 0nan nan nan
316040000 316.16667 0nan nan nan
316050000 316.20833 0nan nan nan
316060000 316.25000 0nan nan nan
316070000 316.29167 0nan nan nan
316080000 316.33333 0nan nan nan
316090000 316.37500 0nan nan nan
316100000 316.41667 0nan nan nan
316110000 316.45833 0nan nan nan
316120000 316.50000 0nan nan nan
316130000 316.54167 0nan nan nan
316140000 316.58333 0nan nan nan
316150000 316.62500 0nan nan nan
316160000 316.66667 0nan nan nan
316170000 316.70833 0nan nan nan
316180000 316.75000 0nan nan nan
316190000 316.79167 0nan nan nan
316200000 316.83333 0nan nan nan
316210000 316.87500 0nan nan nan
316220000 316.91667 0nan nan nan
316230000 316.95833 0nan nan nan
316240000 317.00000 0nan nan nan
317010000 317.04167 0nan nan nan
317020000 317.08333 0nan nan nan
317030000 317.12500 0nan nan nan
317040000 317.16667 0nan nan nan
317050000 317.20833 0nan nan nan
317060000 317.25000 0nan nan nan
317070000 317.29167 0nan nan nan
317080000 317.33333 0nan nan nan
317090000 317.37500 0nan nan nan
317100000 317.41667 0nan nan nan
317110000 317.45833 1007.10 22.00 0.910
317120000 317.50000 1006.80 22.00 0.910
317130000 317.54167 1006.60 22.00 0.910
317140000 317.58333 1006.50 19.00 0.900
317150000 317.62500 1005.00 18.00 0.650
317160000 317.66667 1007.50 19.00 0.780
317170000 317.70833 1006.00 19.50 0.780
317180000 317.75000 1008.00 19.00 0.780
317190000 317.79167 1005.00 19.00 0.780
317200000 317.83333 1009.00 17.00 0.900
317210000 317.87500 1010.00 16.00 0.900
317220000 317.91667 1010.00 19.00 0.900
317230000 317.95833 1010.00 16.50 0.950
317240000 318.00000 1011.20 16.50 0.950
318010000 318.04167 1011.20 16.50 0.950
318020000 318.08333 1010.50 16.50 0.950
318030000 318.12500 1009.70 16.50 0.950
318040000 318.16667 1009.20 16.00 0.900
318050000 318.20833 1008.70 16.00 0.900
318060000 318.25000 1008.60 16.00 0.900
318070000 318.29167 1008.50 15.00 0.800
318080000 318.33333 1007.00 15.50 0.710
318090000 318.37500 1008.80 17.00 0.640
318100000 318.41667 1009.00 17.00 0.640
318110000 318.45833 1009.00 17.00 0.640
318120000 318.50000 1006.00 17.00 0.640
318130000 318.54167 1006.00 15.50 0.940
318140000 318.58333 1007.50 15.00 0.940
318150000 318.62500 1007.70 15.00 0.940
318160000 318.66667 1008.80 14.50 0.890
318170000 318.70833 1009.10 9.00 0.870
318180000 318.75000 1008.90 13.00 0.780
318190000 318.79167 1009.60 13.00 0.780
318200000 318.83333 1009.00 13.00 0.780
318210000 318.87500 1010.00 13.00 0.780
318220000 318.91667 1010.00 13.00 0.780
318230000 318.95833 1010.00 13.00 0.780
318240000 319.00000 1010.00 14.50 0.790
319010000 319.04167 1010.00 13.00 0.880
319020000 319.08333 1010.00 14.00 0.890
319030000 319.12500 1010.00 14.00 0.640
319040000 319.16667 1010.30 14.90 0.940
319050000 319.20833 1010.40 15.00 0.910
319060000 319.25000 1010.20 15.00 0.800
319070000 319.29167 1010.50 15.00 0.800
319080000 319.33333 1011.30 16.00 0.720
319090000 319.37500 1012.10 15.00 0.800
319100000 319.41667 1012.70 16.00 0.720
319110000 319.45833 1012.70 16.00 0.720
319120000 319.50000 1012.70 16.00 0.720
319130000 319.54167 1012.70 16.00 0.720
319140000 319.58333 1011.00 16.00 0.720
319150000 319.62500 1011.00 16.00 0.790
319160000 319.66667 1011.00 15.00 0.710
319170000 319.70833 1012.70 15.50 0.760
319180000 319.75000 1012.70 15.50 0.760
319190000 319.79167 1013.30 15.50 0.800
319200000 319.83333 1013.50 15.50 0.800
319210000 319.87500 1014.00 15.50 0.800
319220000 319.91667 1014.40 15.50 0.750
319230000 319.95833 1014.50 15.50 0.750
319240000 320.00000 1014.80 15.00 0.730
320010000 320.04167 1015.30 15.00 0.730
320020000 320.08333 1014.00 15.00 0.730
320030000 320.12500 1014.70 15.00 0.730
320040000 320.16667 1013.00 16.00 0.800
320050000 320.20833 1014.00 16.00 0.800
320060000 320.25000 1014.00 14.00 0.790
320070000 320.29167 1014.00 16.00 0.900
320080000 320.33333 1016.90 16.00 0.760
320090000 320.37500 1017.90 16.50 0.770
320100000 320.41667 1018.30 17.00 0.720
320110000 320.45833 1018.60 17.00 0.770
320120000 320.50000 1018.80 17.50 0.770
320130000 320.54167 1018.80 18.00 0.730
320140000 320.58333 1018.00 18.00 0.820
320150000 320.62500 1018.20 18.00 0.820
320160000 320.66667 1018.00 18.00 0.820
320170000 320.70833 1016.00 18.00 0.820
320180000 320.75000 1017.00 17.50 0.770
320190000 320.79167 1017.00 17.50 0.770
320200000 320.83333 1019.10 17.00 0.720
320210000 320.87500 1019.80 17.00 0.720
320220000 320.91667 1020.30 17.50 0.770
320230000 320.95833 1020.10 17.00 0.720
320240000 321.00000 1020.40 17.00 0.810
321010000 321.04167 1020.10 17.50 0.770
321020000 321.08333 1019.90 17.00 0.720
321030000 321.12500 1019.60 17.50 0.770
321040000 321.16667 1018.00 18.00 0.820
321050000 321.20833 1018.00 18.00 0.820
321060000 321.25000 1020.00 17.00 0.720
321070000 321.29167 1020.40 17.00 0.720
321080000 321.33333 1019.00 17.00 0.720
321090000 321.37500 1019.00 18.00 0.900
321100000 321.41667 1019.00 18.00 0.820
321110000 321.45833 1021.30 17.00 0.730
321120000 321.50000 1020.70 18.00 0.770
321130000 321.54167 1020.00 18.00 0.770
321140000 321.58333 1018.90 17.50 0.720
321150000 321.62500 1017.50 19.00 0.820
321160000 321.66667 1017.00 19.00 0.820
321170000 321.70833 1017.20 19.00 0.820
321180000 321.75000 1017.00 19.00 0.820
321190000 321.79167 1016.00 18.00 0.820
321200000 321.83333 1017.00 18.00 0.820
321210000 321.87500 1017.00 19.00 0.800
321220000 321.91667 1017.00 19.00 0.780
321230000 321.95833 1017.00 18.00 0.820
321240000 322.00000 1016.00 18.00 0.820
322010000 322.04167 1017.80 18.50 0.850
322020000 322.08333 1017.90 18.50 0.850
322030000 322.12500 1017.20 18.50 0.850
322040000 322.16667 1017.00 18.50 0.850
322050000 322.20833 1017.00 18.00 0.900
322060000 322.25000 1017.00 18.50 0.900
322070000 322.29167 1017.10 18.50 0.900
322080000 322.33333 1017.60 18.50 0.900
322090000 322.37500 1017.70 19.00 0.900
322100000 322.41667 1018.50 19.00 0.900
322110000 322.45833 1018.40 19.00 0.820
322120000 322.50000 1016.00 20.00 0.910
322130000 322.54167 1015.00 21.00 0.830
322140000 322.58333 1014.00 21.00 0.830
322150000 322.62500 1015.00 20.00 0.820
322160000 322.66667 1013.60 20.00 0.820
322170000 322.70833 1014.50 20.00 0.860
322180000 322.75000 1014.60 19.00 0.820
322190000 322.79167 1015.00 19.00 0.900
322200000 322.83333 1014.80 19.00 0.900
322210000 322.87500 1016.00 19.00 0.900
322220000 322.91667 1015.00 19.00 0.900
322230000 322.95833 1015.00 19.00 0.900
322240000 323.00000 1016.90 19.00 0.900
323010000 323.04167 1015.80 19.00 0.900
323020000 323.08333 1015.60 18.00 0.820
323030000 323.12500 1013.00 19.50 0.820
323040000 323.16667 1013.00 19.50 0.820
323050000 323.20833 1015.00 19.50 0.820
323060000 323.25000 1014.40 19.50 0.820
323070000 323.29167 1014.40 19.50 0.820
323080000 323.33333 1015.00 19.00 0.820
323090000 323.37500 1015.70 21.00 0.830
323100000 323.41667 1016.30 22.00 0.760
323110000 323.45833 1016.20 22.00 0.760
323120000 323.50000 1015.50 22.00 0.760
323130000 323.54167 1014.90 24.00 0.770
323140000 323.58333 1014.70 20.00 0.620
323150000 323.62500 1012.00 24.00 0.870
323160000 323.66667 1013.20 23.00 0.830
323170000 323.70833 1012.00 23.00 0.830
323180000 323.75000 1014.00 23.50 0.830
323190000 323.79167 1013.60 23.00 0.910
323200000 323.83333 1013.80 23.00 0.910
323210000 323.87500 1015.10 22.50 0.910
323220000 323.91667 1015.80 18.00 0.900
323230000 323.95833 1016.10 23.00 0.920
323240000 324.00000 1015.90 23.00 0.920
324010000 324.04167 1012.00 23.00 0.920
324020000 324.08333 1014.90 23.00 0.920
324030000 324.12500 1013.80 24.00 0.920
324040000 324.16667 1013.40 24.00 0.920
324050000 324.20833 1011.00 24.00 0.840
324060000 324.25000 1011.00 24.00 0.840
324070000 324.29167 1011.00 24.00 0.840
324080000 324.33333 1013.10 24.00 0.840
324090000 324.37500 1014.30 24.00 0.800
324100000 324.41667 1014.30 24.00 0.770
324110000 324.45833 1014.50 27.00 0.770
324120000 324.50000 1014.20 25.00 0.780
324130000 324.54167 1013.80 25.00 0.810
324140000 324.58333 1013.60 25.00 0.840
324150000 324.62500 1012.50 25.00 0.840
324160000 324.66667 1011.60 25.00 0.840
324170000 324.70833 1011.50 25.00 0.840
324180000 324.75000 1012.10 24.00 0.810
324190000 324.79167 1010.00 25.00 0.840
324200000 324.83333 1011.00 25.00 0.840
324210000 324.87500 1013.60 25.00 0.840
324220000 324.91667 1014.00 25.00 0.840
324230000 324.95833 1014.20 25.00 0.840
324240000 325.00000 1013.80 25.00 0.840
325010000 325.04167 1012.60 20.00 0.820
325020000 325.08333 1012.70 20.00 0.820
325030000 325.12500 1011.60 20.00 0.820
325040000 325.16667 1010.50 20.00 0.820
325050000 325.20833 1010.20 20.00 0.820
325060000 325.25000 1010.20 20.00 0.820
325070000 325.29167 1009.00 25.00 0.840
325080000 325.33333 1009.00 25.00 0.840
325090000 325.37500 1011.90 26.00 0.840
325100000 325.41667 1013.10 26.00 0.840
325110000 325.45833 1012.90 27.50 0.880
325120000 325.50000 1013.10 26.00 0.780
325130000 325.54167 1012.50 26.50 0.820
325140000 325.58333 1012.30 26.50 0.820
325150000 325.62500 1010.40 27.00 0.850
325160000 325.66667 1009.80 27.00 0.850
325170000 325.70833 1009.90 27.00 0.850
325180000 325.75000 1009.80 27.00 0.850
325190000 325.79167 1009.50 27.00 0.850
325200000 325.83333 1009.00 27.00 0.850
325210000 325.87500 1011.40 27.00 0.850
325220000 325.91667 1012.00 27.00 0.850
325230000 325.95833 1012.20 26.00 0.920
325240000 326.00000 1012.30 27.00 0.920
326010000 326.04167 1011.40 27.00 0.920
326020000 326.08333 1011.50 27.00 0.920
326030000 326.12500 1010.80 26.50 0.880
326040000 326.16667 1010.10 25.50 0.810
326050000 326.20833 1009.80 26.50 0.840
326060000 326.25000 1009.50 26.50 0.840
326070000 326.29167 1009.40 26.50 0.840
326080000 326.33333 1009.50 27.00 0.850
326090000 326.37500 1011.20 28.00 0.920
326100000 326.41667 1010.00 28.00 0.920
326110000 326.45833 1012.00 28.00 0.920
326120000 326.50000 1012.30 28.00 0.850
326130000 326.54167 1011.50 27.00 0.920
326140000 326.58333 1011.20 27.00 0.880
326150000 326.62500 1009.80 28.00 0.850
326160000 326.66667 1009.50 28.00 0.850
326170000 326.70833 1009.90 27.00 0.920
326180000 326.75000 1009.60 27.00 0.920
326190000 326.79167 1009.60 27.50 0.920
326200000 326.83333 1010.10 27.00 0.920
326210000 326.87500 1011.50 27.00 0.920
326220000 326.91667 1012.00 27.00 0.920
326230000 326.95833 1012.80 27.00 0.920
326240000 327.00000 1010.00 27.00 0.920
327010000 327.04167 1012.10 25.00 0.720
327020000 327.08333 1012.10 27.00 0.850
327030000 327.12500 1011.40 27.00 0.850
327040000 327.16667 1010.70 27.00 0.850
327050000 327.20833 1009.90 26.50 0.920
327060000 327.25000 1009.60 26.00 0.880
327070000 327.29167 1009.30 26.00 0.880
327080000 327.33333 1010.30 26.00 0.880
327090000 327.37500 1011.70 27.50 0.920
327100000 327.41667 1011.60 27.00 0.850
327110000 327.45833 1012.00 30.00 0.820
327120000 327.50000 1009.00 30.00 0.820
327130000 327.54167 1009.00 30.00 0.820
327140000 327.58333 1011.00 30.00 0.820
327150000 327.62500 1011.10 30.00 0.820
327160000 327.66667 1010.20 29.00 0.850
327170000 327.70833 1010.30 29.00 0.850
327180000 327.75000 1010.10 28.00 0.800
327190000 327.79167 1010.20 28.00 0.800
327200000 327.83333 1010.80 26.50 0.880
327210000 327.87500 1011.10 26.50 0.880
327220000 327.91667 10113.00 27.00 0.920
327230000 327.95833 1013.20 27.00 0.920
327240000 328.00000 1013.00 26.50 0.920
328010000 328.04167 1012.20 27.00 0.920
328020000 328.08333 1011.60 30.00 0.820
328030000 328.12500 1011.00 30.00 0.820
328040000 328.16667 1007.00 30.00 0.820
328050000 328.20833 1009.70 30.00 0.820
328060000 328.25000 1009.40 26.00 0.840
328070000 328.29167 1008.50 27.00 0.920
328080000 328.33333 1008.60 27.00 0.880
328090000 328.37500 1009.60 27.00 0.850
328100000 328.41667 1009.80 27.50 0.850
328110000 328.45833 1010.60 27.50 0.820
328120000 328.50000 1011.00 28.00 0.850
328130000 328.54167 1010.20 28.00 0.850
328140000 328.58333 1009.50 28.00 0.850
328150000 328.62500 1009.30 28.00 0.820
328160000 328.66667 1006.00 28.00 0.840
328170000 328.70833 1008.00 28.00 0.840
328180000 328.75000 1008.00 28.00 0.840
328190000 328.79167 1008.20 28.00 0.850
328200000 328.83333 1008.50 27.50 0.880
328210000 328.87500 1009.60 27.00 0.920
328220000 328.91667 1010.70 27.00 0.920
328230000 328.95833 1011.20 27.00 0.920
328240000 329.00000 1011.90 27.00 0.920
329010000 329.04167 1011.20 26.50 0.880
329030000 329.12500 1010.60 27.00 0.920
329040000 329.16667 1009.60 26.50 0.920
329050000 329.20833 1009.10 26.50 0.880
329060000 329.25000 1008.80 26.50 0.880
329070000 329.29167 1007.00 26.50 0.880
329080000 329.33333 1009.40 27.00 0.920
329090000 329.37500 1009.90 27.00 0.920
329100000 329.41667 1009.90 26.00 0.840
329110000 329.45833 1010.00 26.00 0.840
329120000 329.50000 1010.80 27.50 0.850
329130000 329.54167 1010.40 27.00 0.850
329140000 329.58333 1010.10 27.00 0.820
329150000 329.62500 1009.90 27.00 0.820
329160000 329.66667 1009.10 27.00 0.850
329170000 329.70833 1008.50 27.00 0.850
329180000 329.75000 1008.30 27.00 0.850
329190000 329.79167 1008.30 27.00 0.850
329200000 329.83333 1007.00 27.00 0.850
329210000 329.87500 1009.00 27.00 0.850
329220000 329.91667 1010.30 27.00 0.880
329230000 329.95833 1010.80 27.00 0.920
329240000 330.00000 1011.70 26.00 0.840
330010000 330.04167 1011.70 26.00 0.920
330020000 330.08333 1011.90 26.00 0.920
330030000 330.12500 1011.80 26.00 0.920
330040000 330.16667 1011.10 26.00 0.880
330050000 330.20833 1010.50 26.00 0.880
330060000 330.25000 1009.80 26.00 0.920
330070000 330.29167 1010.00 26.00 0.880
330080000 330.33333 1010.30 26.50 0.960
330090000 330.37500 1010.80 27.00 0.920
330100000 330.41667 1011.00 27.00 0.850
330110000 330.45833 1011.80 28.00 0.850
330120000 330.50000 1012.50 28.00 0.790
330130000 330.54167 1012.20 28.00 0.790
330140000 330.58333 1012.00 28.00 0.850
330150000 330.62500 1011.50 28.00 0.820
330160000 330.66667 1010.80 27.00 0.780
330170000 330.70833 1010.30 27.00 0.780
330180000 330.75000 1009.50 27.00 0.780
330190000 330.79167 1009.90 27.00 0.850
330200000 330.83333 1010.20 26.50 0.840
330210000 330.87500 1010.50 26.50 0.840
330220000 330.91667 1011.60 26.50 0.840
330230000 330.95833 1012.00 27.00 0.920
330240000 331.00000 1013.40 27.00 0.920
331010000 331.04167 1011.00 25.00 0.840
331020000 331.08333 1013.00 26.00 0.840
331030000 331.12500 1012.70 25.50 0.840
331040000 331.16667 1011.70 24.00 0.730
331050000 331.20833 1010.90 24.00 0.730
331060000 331.25000 1010.30 25.00 0.870
331070000 331.29167 1010.50 25.00 0.870
331080000 331.33333 1011.10 25.00 0.870
331090000 331.37500 1011.30 26.50 0.840
331100000 331.41667 1011.90 27.00 0.780
331110000 331.45833 1012.60 26.00 0.840
331120000 331.50000 1013.20 25.00 0.840
331130000 331.54167 1012.10 26.00 0.920
331140000 331.58333 1013.50 26.00 0.920
331150000 331.62500 1013.00 26.00 0.920
331160000 331.66667 1012.70 25.00 0.840
331170000 331.70833 1011.70 26.00 0.840
331180000 331.75000 1010.90 26.00 0.840
331190000 331.79167 1010.20 26.00 0.920
331200000 331.83333 1011.10 25.00 0.960
331210000 331.87500 1011.70 25.00 0.960
331220000 331.91667 1012.10 25.00 0.870
331230000 331.95833 1012.20 25.00 0.840
331240000 332.00000 1012.70 25.00 0.840
332010000 332.04167 1012.90 25.50 0.840
332020000 332.08333 1012.70 25.50 0.840
332030000 332.12500 1012.30 25.50 0.840
332040000 332.16667 1010.00 25.50 0.840
332050000 332.20833 1010.00 25.50 0.840
332060000 332.25000 1011.10 24.00 0.770
332070000 332.29167 1011.30 25.00 0.840
332080000 332.33333 1011.40 25.00 0.840
332090000 332.37500 1011.60 25.00 0.780
332100000 332.41667 1011.60 26.00 0.840
332110000 332.45833 1012.00 26.00 0.810
332120000 332.50000 1012.40 26.00 0.810
332130000 332.54167 1012.60 26.00 0.810
332140000 332.58333 1012.40 26.00 78.000
332150000 332.62500 1012.00 26.50 0.820
332160000 332.66667 1010.00 26.50 0.820
332170000 332.70833 1010.00 26.50 0.820
332180000 332.75000 1011.40 26.50 0.820
332190000 332.79167 1011.00 26.00 0.840
332200000 332.83333 1010.70 26.00 0.840
332210000 332.87500 1011.10 25.00 0.780
332220000 332.91667 1011.20 25.00 0.780
332230000 332.95833 1011.10 25.50 0.840
332240000 333.00000 1011.50 25.50 0.840
333010000 333.04167 1012.20 25.50 0.840
333020000 333.08333 1011.70 26.00 0.880
333030000 333.12500 1011.50 26.00 0.880
333040000 333.16667 1011.00 26.00 0.880
333050000 333.20833 1010.40 26.00 0.880
333060000 333.25000 1009.80 26.00 0.880
333070000 333.29167 1009.90 26.00 0.880
333080000 333.33333 1009.00 26.00 0.880
333090000 333.37500 1010.00 26.00 0.880
333100000 333.41667 1011.50 26.00 0.780
333110000 333.45833 1011.50 27.50 0.780
333120000 333.50000 1012.00 28.00 0.790
333130000 333.54167 1012.60 29.50 0.880
333140000 333.58333 1012.10 28.50 0.730
333150000 333.62500 1011.80 28.00 0.820
333160000 333.66667 1011.70 25.50 0.810
333170000 333.70833 1011.30 26.50 0.840
333180000 333.75000 1011.20 26.00 0.810
333190000 333.79167 1010.00 26.00 0.920
333200000 333.83333 1009.00 26.00 0.920
333210000 333.87500 1009.00 26.00 0.920
333220000 333.91667 1010.90 25.00 0.920
333230000 333.95833 1011.10 25.00 0.920
333240000 334.00000 1011.70 24.50 0.980
334010000 334.04167 1012.30 24.00 0.840
334020000 334.08333 1012.00 24.00 0.920
334030000 334.12500 1012.00 24.00 0.920
334040000 334.16667 1011.50 24.00 0.920
334050000 334.20833 1010.80 24.00 0.920
334060000 334.25000 1010.30 23.50 0.870
334070000 334.29167 1010.70 24.00 0.920
334080000 334.33333 1010.90 24.00 0.920
334090000 334.37500 1011.00 25.00 0.840
334100000 334.41667 1012.00 27.00 0.780
334110000 334.45833 1011.00 26.00 0.710
334120000 334.50000 1012.30 26.00 0.710
334130000 334.54167 1012.80 27.00 0.780
334140000 334.58333 1012.40 27.00 0.780
334150000 334.62500 1012.20 25.00 0.710
334160000 334.66667 1011.50 25.00 0.840
334170000 334.70833 1011.00 25.00 0.840
334180000 334.75000 1010.40 25.00 0.840
334190000 334.79167 1009.50 24.00 0.840
334200000 334.83333 1009.20 24.00 0.840
334210000 334.87500 1009.50 24.00 0.870
334220000 334.91667 1009.80 24.00 0.870
334230000 334.95833 1010.40 24.00 0.870
334240000 335.00000 1010.70 24.00 0.870
335010000 335.04167 1010.60 24.00 0.870
335020000 335.08333 1010.60 23.00 0.920
335030000 335.12500 1010.20 23.00 0.920
335040000 335.16667 1009.90 23.00 0.920
335050000 335.20833 1009.30 22.00 0.830
335060000 335.25000 1008.80 23.00 0.920
335070000 335.29167 1008.90 22.00 0.870
335080000 335.33333 1008.60 22.00 0.870
335090000 335.37500 1008.80 23.00 0.870
335100000 335.41667 1009.50 29.00 0.860
335110000 335.45833 1009.30 27.00 0.850
335120000 335.50000 1009.80 25.50 0.840
335130000 335.54167 1009.00 28.00 0.730
335140000 335.58333 1010.10 26.00 0.640
335150000 335.62500 1010.10 28.00 0.640
335160000 335.66667 1010.20 26.00 0.780
335170000 335.70833 1009.80 26.00 0.720
335180000 335.75000 1009.90 25.00 0.780
335190000 335.79167 1009.90 25.00 0.780
335200000 335.83333 1009.70 24.00 0.840
335210000 335.87500 1009.60 20.00 0.750
335220000 335.91667 1010.10 20.00 0.750
335230000 335.95833 1010.50 19.50 0.740
335240000 336.00000 1012.00 18.00 0.650
335010000 335.04167 0nan nan nan
335020000 335.08333 0nan nan nan
335030000 335.12500 0nan nan nan
335040000 335.16667 0nan nan nan
335050000 335.20833 0nan nan nan
335060000 335.25000 0nan nan nan
335070000 335.29167 0nan nan nan
335080000 335.33333 0nan nan nan
335090000 335.37500 0nan nan nan
335100000 335.41667 0nan nan nan
335110000 335.45833 0nan nan nan
335120000 335.50000 0nan nan nan
335130000 335.54167 0nan nan nan
335140000 335.58333 0nan nan nan
335150000 335.62500 0nan nan nan
335160000 335.66667 0nan nan nan
335170000 335.70833 0nan nan nan
335180000 335.75000 0nan nan nan
335190000 335.79167 0nan nan nan
335200000 335.83333 0nan nan nan
335210000 335.87500 0nan nan nan
335220000 335.91667 0nan nan nan
335230000 335.95833 0nan nan nan
335240000 336.00000 0nan nan nan
336010000 336.04167 1012.70 19.00 0.740
336020000 336.08333 1012.70 19.00 0.740
336030000 336.12500 1012.90 19.00 0.740
336040000 336.16667 1012.30 19.00 0.740
336050000 336.20833 1012.30 19.00 0.740
336060000 336.25000 1012.10 19.00 0.740
336070000 336.29167 1012.30 16.00 0.630
336080000 336.33333 1012.80 16.00 0.630
336090000 336.37500 1013.20 18.00 0.690
336100000 336.41667 1013.50 25.00 0.560
336110000 336.45833 1013.90 19.00 0.600
336120000 336.50000 1014.30 19.00 0.600
336130000 336.54167 1014.40 19.50 0.630
336140000 336.58333 1014.80 20.00 0.640
336150000 336.62500 1015.00 20.00 0.640
336160000 336.66667 1014.50 19.50 0.750
336170000 336.70833 1014.70 20.00 0.640
336180000 336.75000 1014.00 18.00 0.650
336190000 336.79167 1012.00 18.00 0.650
336200000 336.83333 1013.70 18.00 0.650
336210000 336.87500 1013.60 17.00 0.720
336220000 336.91667 1013.90 17.00 0.720
336230000 336.95833 1013.40 17.50 0.720
336240000 337.00000 1014.20 17.50 0.720
337010000 337.04167 1014.10 17.50 0.720
337020000 337.08333 1013.80 17.50 0.720
337030000 337.12500 1013.90 17.50 0.770
337040000 337.16667 1013.30 17.00 0.720
337050000 337.20833 1012.80 17.00 0.810
337060000 337.25000 1013.00 17.00 0.720
337070000 337.29167 1013.30 17.00 0.720
337080000 337.33333 1013.20 17.00 0.720
337090000 337.37500 1012.00 19.00 0.600
337100000 337.41667 1014.00 19.00 0.600
337110000 337.45833 1015.00 19.00 0.600
337120000 337.50000 1014.90 19.00 0.600
337130000 337.54167 1014.60 20.00 0.670
337140000 337.58333 1014.50 20.00 0.630
337150000 337.62500 1014.40 20.50 0.630
337160000 337.66667 1013.40 21.00 0.680
337170000 337.70833 1012.70 20.50 0.670
337180000 337.75000 1012.50 20.50 0.670
337190000 337.79167 1011.50 20.00 0.670
337200000 337.83333 1010.00 21.00 0.540
337210000 337.87500 1010.80 21.00 0.540
337220000 337.91667 1011.10 21.00 0.540
337230000 337.95833 1011.70 19.00 0.820
337240000 338.00000 1011.80 18.00 0.820
338010000 338.04167 1011.30 18.00 0.820
338020000 338.08333 1011.20 18.00 0.820
338030000 338.12500 1011.70 18.00 0.820
338040000 338.16667 1011.30 18.00 0.820
338050000 338.20833 1010.20 18.00 0.820
338060000 338.25000 1010.10 18.00 0.820
338070000 338.29167 1009.60 18.50 0.840
338080000 338.33333 1009.90 17.50 0.810
338090000 338.37500 1009.90 19.00 0.820
338100000 338.41667 1010.20 21.00 0.830
338110000 338.45833 1010.00 21.00 0.830
338120000 338.50000 1009.60 21.00 0.830
338130000 338.54167 1010.20 21.00 0.760
338140000 338.58333 1010.30 24.00 0.680
338150000 338.62500 0nan nan nan
338160000 338.66667 0nan nan nan
338170000 338.70833 0nan nan nan
338180000 338.75000 0nan nan nan
338190000 338.79167 0nan nan nan
338200000 338.83333 0nan nan nan
338210000 338.87500 0nan nan nan
338220000 338.91667 0nan nan nan
338230000 338.95833 0nan nan nan
338240000 339.00000 0nan nan nan
339010000 339.04167 0nan nan nan
339020000 339.08333 0nan nan nan
339030000 339.12500 0nan nan nan
339040000 339.16667 0nan nan nan
339050000 339.20833 0nan nan nan
339060000 339.25000 0nan nan nan
339070000 339.29167 0nan nan nan
339080000 339.33333 0nan nan nan
339090000 339.37500 0nan nan nan
339100000 339.41667 0nan nan nan
339110000 339.45833 0nan nan nan
339120000 339.50000 0nan nan nan
339130000 339.54167 0nan nan nan
339140000 339.58333 0nan nan nan
339150000 339.62500 0nan nan nan
339160000 339.66667 0nan nan nan
339170000 339.70833 0nan nan nan
339180000 339.75000 0nan nan nan
339190000 339.79167 0nan nan nan
339200000 339.83333 0nan nan nan
339210000 339.87500 0nan nan nan
339220000 339.91667 0nan nan nan
339230000 339.95833 0nan nan nan
339240000 340.00000 0nan nan nan
340010000 340.04167 0nan nan nan
340020000 340.08333 0nan nan nan
340030000 340.12500 0nan nan nan
340040000 340.16667 0nan nan nan
340050000 340.20833 0nan nan nan
340060000 340.25000 0nan nan nan
340070000 340.29167 0nan nan nan
340080000 340.33333 0nan nan nan
340090000 340.37500 0nan nan nan
340100000 340.41667 0nan nan nan
340110000 340.45833 0nan nan nan
340120000 340.50000 0nan nan nan
340130000 340.54167 0nan nan nan
340140000 340.58333 0nan nan nan
340150000 340.62500 0nan nan nan
340160000 340.66667 0nan nan nan
340170000 340.70833 0nan nan nan
340180000 340.75000 0nan nan nan
340190000 340.79167 0nan nan nan
340200000 340.83333 0nan nan nan
340210000 340.87500 0nan nan nan
340220000 340.91667 0nan nan nan
340230000 340.95833 0nan nan nan
340240000 341.00000 0nan nan nan
341010000 341.04167 0nan nan nan
341020000 341.08333 0nan nan nan
341030000 341.12500 0nan nan nan
341040000 341.16667 0nan nan nan
341050000 341.20833 0nan nan nan
341060000 341.25000 0nan nan nan
341070000 341.29167 0nan nan nan
341080000 341.33333 0nan nan nan
341090000 341.37500 0nan nan nan
341100000 341.41667 0nan nan nan
341110000 341.45833 0nan nan nan
341120000 341.50000 0nan nan nan
341130000 341.54167 1016.10 16.50 0.630
341140000 341.58333 1016.10 16.50 0.630
341150000 341.62500 1015.90 19.00 0.660
341160000 341.66667 1015.70 18.50 0.820
341170000 341.70833 1015.30 20.00 0.610
341180000 341.75000 1014.90 17.00 0.570
341190000 341.79167 1014.40 16.00 0.630
341200000 341.83333 1014.30 15.00 0.560
341210000 341.87500 1011.00 15.00 0.560
341220000 341.91667 1011.20 15.00 0.560
341230000 341.95833 1013.00 15.00 0.710
341240000 342.00000 1012.60 14.00 0.790
342010000 342.04167 1012.90 14.50 0.830
342020000 342.08333 1013.00 14.00 0.890
342030000 342.12500 1012.80 14.00 0.890
342040000 342.16667 1011.80 14.00 0.830
342050000 342.20833 1011.80 14.00 0.890
342060000 342.25000 1011.30 14.00 0.890
342070000 342.29167 1010.70 14.00 0.890
342080000 342.33333 1010.00 14.50 0.890
342090000 342.37500 1009.20 15.00 0.940
342100000 342.41667 1008.70 16.00 0.900
342110000 342.45833 1008.80 16.00 0.800
342120000 342.50000 1008.10 16.00 0.800
342130000 342.54167 1007.10 16.00 0.660
342140000 342.58333 1006.90 16.00 0.570
342150000 342.62500 1007.00 16.00 0.660
342160000 342.66667 1005.10 16.00 0.660
342170000 342.70833 1006.00 16.00 0.660
342180000 342.75000 1005.80 17.00 0.810
342190000 342.79167 1005.90 17.00 0.810
342200000 342.83333 1006.10 17.00 0.810
342210000 342.87500 1005.90 16.00 0.800
342220000 342.91667 1007.10 14.50 0.890
342230000 342.95833 1008.00 12.50 0.830
342240000 343.00000 1008.60 12.00 0.880
343010000 343.04167 1010.00 11.00 0.770
343020000 343.08333 1011.00 10.50 82.000
343030000 343.12500 1011.30 10.50 0.820
343040000 343.16667 1011.10 9.00 0.630
343050000 343.20833 1010.20 8.00 0.740
343060000 343.25000 1010.10 9.00 0.870
343070000 343.29167 1009.50 10.50 0.820
343080000 343.33333 1009.40 10.00 0.820
343090000 343.37500 1009.00 10.00 0.820
343100000 343.41667 1008.80 15.00 0.800
343110000 343.45833 1008.70 15.00 0.800
343120000 343.50000 1008.10 15.00 0.800
343130000 343.54167 1007.30 15.00 0.800
343140000 343.58333 1006.80 15.00 0.800
343150000 343.62500 1005.30 15.00 0.750
343160000 343.66667 1004.50 15.00 0.750
343170000 343.70833 1003.70 16.00 0.760
343180000 343.75000 1002.70 16.00 0.800
343190000 343.79167 1001.90 15.50 0.840
343200000 343.83333 1001.50 14.50 0.830
343210000 343.87500 1000.80 13.00 0.780
343220000 343.91667 1000.70 13.00 0.780
343230000 343.95833 1000.90 13.00 0.880
343240000 344.00000 1000.50 13.00 0.880
344010000 344.04167 1001.20 13.00 0.880
344020000 344.08333 1000.90 13.00 0.880
344030000 344.12500 1001.00 13.00 0.880
344040000 344.16667 1000.70 12.00 0.880
344050000 344.20833 1000.00 12.50 0.830
344060000 344.25000 999.83 13.00 0.770
344070000 344.29167 998.90 13.00 0.830
344080000 344.33333 999.62 12.50 0.880
344090000 344.37500 1000.50 12.00 0.820
344100000 344.41667 1002.00 13.00 0.780
344110000 344.45833 1003.50 13.50 0.780
344120000 344.50000 1005.20 13.00 0.690
344130000 344.54167 1006.70 14.50 0.750
344140000 344.58333 1007.30 15.00 0.710
344150000 344.62500 1008.00 15.00 0.710
344160000 344.66667 1008.00 15.00 0.710
344170000 344.70833 1008.10 15.00 0.710
344180000 344.75000 1008.00 15.00 0.710
344190000 344.79167 1008.00 15.00 0.710
344200000 344.83333 1007.70 15.00 0.710
344210000 344.87500 1007.20 14.00 0.830
344220000 344.91667 1007.10 13.00 0.780
344230000 344.95833 1007.00 13.00 0.880
344240000 345.00000 1006.80 12.00 0.820
345010000 345.04167 1006.30 11.00 0.820
345020000 345.08333 1005.20 11.00 0.820
345030000 345.12500 1004.10 11.50 0.870
345040000 345.16667 1002.60 11.50 0.870
345050000 345.20833 1001.00 11.00 1.000
345060000 345.25000 998.95 11.00 1.000
345070000 345.29167 997.80 11.00 1.000
345080000 345.33333 994.57 11.00 0.810
345090000 345.37500 992.56 11.00 0.810
345100000 345.41667 990.70 12.00 0.880
345110000 345.45833 989.48 11.00 0.810
345120000 345.50000 987.40 11.00 0.810
345130000 345.54167 985.82 14.00 0.810
345140000 345.58333 984.10 14.00 0.810
345150000 345.62500 986.36 13.50 0.830
345160000 345.66667 986.18 11.00 0.930
345170000 345.70833 985.90 9.00 0.870
345180000 345.75000 987.46 8.00 0.930
345190000 345.79167 989.70 8.00 0.930
345200000 345.83333 991.60 8.00 0.930
345210000 345.87500 995.03 9.00 0.870
345220000 345.91667 997.20 9.50 0.870
345230000 345.95833 998.80 8.50 0.800
345240000 346.00000 1000.90 9.00 0.870
346010000 346.04167 1002.40 9.00 0.870
346020000 346.08333 1003.50 8.00 0.860
346030000 346.12500 1004.30 8.00 0.860
346040000 346.16667 1004.20 8.00 0.860
346050000 346.20833 1004.70 8.00 0.860
346060000 346.25000 1004.50 8.00 0.850
346070000 346.29167 1004.90 8.00 0.850
346080000 346.33333 1005.20 8.00 0.850
346090000 346.37500 1005.50 8.00 0.850
346100000 346.41667 1005.60 8.00 0.740
346110000 346.45833 1005.70 8.00 0.740
346120000 346.50000 1005.60 8.50 0.690
346130000 346.54167 1004.80 8.50 0.690
346140000 346.58333 1004.20 9.00 0.750
346150000 346.62500 1004.10 10.00 0.760
346160000 346.66667 1003.70 11.00 0.770
346170000 346.70833 1003.40 11.00 0.710
346180000 346.75000 1003.40 10.00 0.760
346190000 346.79167 1002.80 10.00 0.760
346200000 346.83333 1003.30 10.00 0.760
346210000 346.87500 1002.00 10.00 0.760
346220000 346.91667 1002.50 10.00 0.760
346230000 346.95833 1002.20 10.00 0.760
346240000 347.00000 1003.90 10.00 0.760
347010000 347.04167 1003.40 9.50 0.750
347020000 347.08333 1003.50 9.00 0.750
347030000 347.12500 1002.90 9.00 0.750
347040000 347.16667 1002.60 9.50 0.930
347050000 347.20833 1001.70 9.50 0.930
347060000 347.25000 1000.10 9.50 0.930
347070000 347.29167 999.60 8.00 0.850
347080000 347.33333 998.80 8.50 0.860
347090000 347.37500 998.28 8.50 0.860
347100000 347.41667 0nan nan nan
347110000 347.45833 0nan nan nan
347120000 347.50000 0nan nan nan
347130000 347.54167 0nan nan nan
347140000 347.58333 0nan nan nan
347150000 347.62500 0nan nan nan
347160000 347.66667 0nan nan nan
347170000 347.70833 0nan nan nan
347180000 347.75000 0nan nan nan
347190000 347.79167 0nan nan nan
347200000 347.83333 0nan nan nan
347210000 347.87500 0nan nan nan
347220000 347.91667 0nan nan nan
347230000 347.95833 0nan nan nan
347240000 348.00000 0nan nan nan
348010000 348.04167 0nan nan nan
348020000 348.08333 0nan nan nan
348030000 348.12500 0nan nan nan
348040000 348.16667 0nan nan nan
348050000 348.20833 0nan nan nan
348060000 348.25000 0nan nan nan
348070000 348.29167 0nan nan nan
348080000 348.33333 0nan nan nan
348090000 348.37500 0nan nan nan
348100000 348.41667 0nan nan nan
348110000 348.45833 0nan nan nan
348120000 348.50000 0nan nan nan
348130000 348.54167 0nan nan nan
348140000 348.58333 0nan nan nan
348150000 348.62500 0nan nan nan
348160000 348.66667 0nan nan nan
348170000 348.70833 0nan nan nan
348180000 348.75000 0nan nan nan
348190000 348.79167 0nan nan nan
348200000 348.83333 0nan nan nan
348210000 348.87500 0nan nan nan
348220000 348.91667 0nan nan nan
348230000 348.95833 0nan nan nan
348240000 349.00000 0nan nan nan
349010000 349.04167 0nan nan nan
349020000 349.08333 0nan nan nan
349030000 349.12500 0nan nan nan
349040000 349.16667 0nan nan nan
349050000 349.20833 0nan nan nan
349060000 349.25000 0nan nan nan
349070000 349.29167 0nan nan nan
349080000 349.33333 0nan nan nan
349090000 349.37500 0nan nan nan
349100000 349.41667 0nan nan nan
349110000 349.45833 0nan nan nan
349120000 349.50000 0nan nan nan
349130000 349.54167 0nan nan nan
349140000 349.58333 0nan nan nan
349150000 349.62500 0nan nan nan
349160000 349.66667 0nan nan nan
349170000 349.70833 0nan nan nan
349180000 349.75000 0nan nan nan
349190000 349.79167 0nan nan nan
349200000 349.83333 0nan nan nan
349210000 349.87500 0nan nan nan
349220000 349.91667 0nan nan nan
349230000 349.95833 0nan nan nan
349240000 350.00000 0nan nan nan
350010000 350.04167 0nan nan nan
350020000 350.08333 0nan nan nan
350030000 350.12500 0nan nan nan
350040000 350.16667 0nan nan nan
350050000 350.20833 0nan nan nan
350060000 350.25000 0nan nan nan
350070000 350.29167 0nan nan nan
350080000 350.33333 0nan nan nan
350090000 350.37500 1004.80 8.00 0.860
350100000 350.41667 1005.20 7.00 0.730
350110000 350.45833 1005.70 7.00 0.730
350120000 350.50000 1005.00 7.00 0.730
350130000 350.54167 1004.00 7.00 0.730
350140000 350.58333 1005.00 7.00 0.730
350150000 350.62500 1005.40 6.50 0.720
350160000 350.66667 1004.80 7.00 0.620
350170000 350.70833 1005.30 8.00 0.740
350180000 350.75000 1005.30 6.50 0.650
350190000 350.79167 1005.00 7.00 0.730
350200000 350.83333 1004.90 7.00 0.730
350210000 350.87500 1004.50 9.00 0.800
350220000 350.91667 1003.30 9.00 0.870
350230000 350.95833 1002.30 8.50 0.800
350240000 351.00000 1000.20 7.00 0.860
351010000 351.04167 999.71 6.00 0.720
351020000 351.08333 997.50 6.00 0.720
351030000 351.12500 997.20 6.00 0.720
351040000 351.16667 994.50 6.00 0.720
351050000 351.20833 992.70 6.00 0.720
351060000 351.25000 991.30 6.00 0.720
351070000 351.29167 990.60 6.00 0.720
351080000 351.33333 992.41 6.00 0.850
351090000 351.37500 991.50 6.00 0.850
351100000 351.41667 990.00 6.50 0.770
351110000 351.45833 989.90 7.00 0.730
351120000 351.50000 989.01 7.50 0.730
351130000 351.54167 987.91 9.50 0.700
351140000 351.58333 987.54 10.00 0.760
351150000 351.62500 986.40 12.00 0.770
351160000 351.66667 986.00 12.00 0.720
351170000 351.70833 985.53 11.50 0.870
351180000 351.75000 985.12 15.00 0.800
351190000 351.79167 984.30 17.00 0.720
351200000 351.83333 984.58 15.00 0.820
351210000 351.87500 983.00 15.00 0.820
351220000 351.91667 984.00 15.00 0.820
351230000 351.95833 982.30 15.00 0.820
351240000 352.00000 983.60 10.00 0.870
352010000 352.04167 982.80 9.50 0.730
352020000 352.08333 982.80 9.00 1.000
352030000 352.12500 982.80 8.00 0.860
352040000 352.16667 982.07 8.00 0.930
352050000 352.20833 981.75 8.00 0.930
352060000 352.25000 981.48 7.50 0.930
352070000 352.29167 981.27 7.50 0.930
352080000 352.33333 981.70 7.00 0.920
352090000 352.37500 981.50 7.00 1.000
352100000 352.41667 981.57 7.00 0.920
352110000 352.45833 981.99 7.50 0.930
352120000 352.50000 981.83 7.50 0.930
352130000 352.54167 981.37 7.00 0.920
352140000 352.58333 981.50 6.00 0.920
352150000 352.62500 979.90 6.00 1.000
352160000 352.66667 981.90 6.00 1.000
352170000 352.70833 980.50 6.00 1.000
352180000 352.75000 982.50 6.00 0.850
352190000 352.79167 982.60 5.00 0.850
352200000 352.83333 983.00 5.00 0.850
352210000 352.87500 983.48 4.00 0.910
352220000 352.91667 984.38 4.00 0.910
352230000 352.95833 985.27 3.00 0.910
352240000 353.00000 985.50 3.00 1.000
353010000 353.04167 985.94 2.50 1.000
353020000 353.08333 987.11 2.00 1.000
353030000 353.12500 987.80 2.00 0.900
353040000 353.16667 988.47 1.00 0.810
353050000 353.20833 989.20 1.00 0.810
353060000 353.25000 989.82 0.00 0.800
353070000 353.29167 990.40 0.00 0.800
353080000 353.33333 989.90 0.00 0.800
353090000 353.37500 992.10 0.00 0.800
353100000 353.41667 991.60 0.00 0.800
353110000 353.45833 994.30 0.00 0.800
353120000 353.50000 994.60 0.50 0.800
353130000 353.54167 994.50 1.00 0.800
353140000 353.58333 995.70 0.50 0.800
353150000 353.62500 995.90 0.50 0.800
353160000 353.66667 996.50 1.50 0.900
353170000 353.70833 997.80 2.00 0.830
353180000 353.75000 998.58 5.00 0.850
353190000 353.79167 999.26 9.00 0.750
353200000 353.83333 999.77 7.00 0.620
353210000 353.87500 1000.20 10.00 0.560
353220000 353.91667 1000.90 9.00 0.750
353230000 353.95833 1001.30 10.00 0.760
353240000 354.00000 1001.30 5.50 0.850
354010000 354.04167 1001.90 8.00 0.740
354020000 354.08333 1002.20 4.50 0.920
354030000 354.12500 1002.50 2.00 0.830
354040000 354.16667 1002.30 1.00 0.810
354050000 354.20833 1002.20 1.00 0.900
354060000 354.25000 1002.60 0.00 0.800
354070000 354.29167 1002.60 0.00 0.800
354080000 354.33333 1002.50 0.00 0.800
354090000 354.37500 1002.50 1.00 0.810
354100000 354.41667 1002.70 3.00 0.520
354110000 354.45833 1002.80 3.00 0.520
354120000 354.50000 1002.00 4.00 0.760
354130000 354.54167 1001.80 4.00 0.760
354140000 354.58333 1001.80 3.50 0.760
354150000 354.62500 1001.50 3.50 0.760
354160000 354.66667 1001.20 3.50 0.760
354170000 354.70833 100.20 3.00 0.680
354180000 354.75000 1001.00 3.50 0.680
354190000 354.79167 1000.60 7.00 0.720
354200000 354.83333 999.83 5.00 0.850
354210000 354.87500 999.60 5.00 0.710
354220000 354.91667 999.09 3.00 0.620
354230000 354.95833 998.40 2.00 0.830
354240000 355.00000 998.25 2.00 0.830
355010000 355.04167 998.24 2.00 0.830
355020000 355.08333 998.37 2.00 0.830
355030000 355.12500 998.24 1.50 0.740
355040000 355.16667 997.87 1.50 0.900
355050000 355.20833 997.70 1.50 0.810
355060000 355.25000 997.33 1.50 0.810
355070000 355.29167 997.20 1.50 0.900
355080000 355.33333 996.30 1.50 0.900
355090000 355.37500 995.92 1.00 0.810
355100000 355.41667 995.46 1.00 0.810
355110000 355.45833 994.90 1.00 0.650
355120000 355.50000 994.07 4.50 0.770
355130000 355.54167 992.72 10.50 0.710
355140000 355.58333 991.93 8.00 0.740
355150000 355.62500 991.06 5.00 0.920
355160000 355.66667 990.49 3.50 0.760
355170000 355.70833 987.15 1.00 0.810
355180000 355.75000 987.10 1.00 0.810
355190000 355.79167 986.64 1.00 0.810
355200000 355.83333 986.29 1.00 0.810
355210000 355.87500 984.68 2.00 0.820
355220000 355.91667 984.78 3.00 0.830
355230000 355.95833 984.48 3.00 0.830
355240000 356.00000 982.50 2.50 0.900
356010000 356.04167 981.98 1.50 0.900
356020000 356.08333 981.07 1.50 0.900
356030000 356.12500 980.86 1.50 0.900
356040000 356.16667 977.00 1.50 0.900
356050000 356.20833 976.40 1.50 0.900
356060000 356.25000 978.20 1.50 0.900
356070000 356.29167 979.22 4.00 0.840
356080000 356.33333 979.77 4.00 0.840
356090000 356.37500 978.65 4.00 0.840
356100000 356.41667 981.11 4.00 0.910
356110000 356.45833 981.48 1.00 0.810
356120000 356.50000 981.12 3.00 0.830
356130000 356.54167 981.75 3.50 0.830
356140000 356.58333 993.78 5.50 0.850
356150000 356.62500 984.90 5.50 0.710
356160000 356.66667 983.65 8.00 0.740
356170000 356.70833 984.10 8.50 0.800
356180000 356.75000 984.62 8.50 0.800
356190000 356.79167 984.60 12.00 0.710
356200000 356.83333 984.09 5.50 0.920
356210000 356.87500 983.67 5.00 0.850
356220000 356.91667 983.05 5.00 0.920
356230000 356.95833 982.53 4.50 0.840
356240000 357.00000 981.48 4.50 0.920
357010000 357.04167 980.53 3.00 0.910
357020000 357.08333 980.07 3.50 0.830
357030000 357.12500 979.32 2.50 0.910
357040000 357.16667 977.88 2.00 0.900
357050000 357.20833 976.64 1.50 0.900
357060000 357.25000 975.09 1.50 0.900
357070000 357.29167 974.62 1.00 0.900
357080000 357.33333 973.99 1.00 0.900
357090000 357.37500 973.94 1.50 0.810
357100000 357.41667 973.75 1.50 0.810
357110000 357.45833 973.02 1.50 0.810
357120000 357.50000 975.80 0.50 0.640
357130000 357.54167 972.21 1.50 0.900
357140000 357.58333 970.31 0.00 0.900
357150000 357.62500 970.25 0.00 0.800
357160000 357.66667 969.88 1.00 0.500
357170000 357.70833 970.26 0.00 0.800
357180000 357.75000 970.85 0.00 0.800
357190000 357.79167 971.07 0.00 0.730
357200000 357.83333 971.61 0.00 0.800
357210000 357.87500 972.04 0.00 0.800
357220000 357.91667 973.45 0.00 0.640
357230000 357.95833 973.50 0.00 0.640
357240000 358.00000 986.33 1.00 0.810
358010000 358.04167 981.76 1.00 0.810
358020000 358.08333 976.88 1.00 0.810
358030000 358.12500 974.90 2.00 0.900
358040000 358.16667 974.93 2.00 0.600
358050000 358.20833 974.70 2.00 0.830
358060000 358.25000 974.80 2.00 0.830
358070000 358.29167 975.50 2.00 0.830
358080000 358.33333 975.14 2.50 0.830
358090000 358.37500 975.10 2.50 0.830
358100000 358.41667 975.50 2.50 0.830
358110000 358.45833 976.05 2.50 0.830
358120000 358.50000 975.00 3.50 0.850
358130000 358.54167 973.50 5.50 0.850
358140000 358.58333 975.70 5.00 0.710
358150000 358.62500 975.90 5.00 0.710
358160000 358.66667 983.80 5.00 0.710
358170000 358.70833 979.29 5.00 0.920
358180000 358.75000 976.78 4.00 0.840
358190000 358.79167 975.26 4.00 0.840
358200000 358.83333 974.00 3.00 0.830
358210000 358.87500 974.50 3.50 0.830
358220000 358.91667 974.80 3.50 0.830
358230000 358.95833 975.00 3.00 0.830
358240000 359.00000 975.15 3.00 0.830
359010000 359.04167 975.60 3.00 0.830
359020000 359.08333 976.30 3.00 0.830
359030000 359.12500 976.41 3.00 0.830
359040000 359.16667 976.41 3.00 0.830
359050000 359.20833 976.41 3.00 0.830
359060000 359.25000 976.41 3.00 0.830
359070000 359.29167 979.13 2.00 0.830
359080000 359.33333 979.80 3.00 0.680
359090000 359.37500 980.40 4.00 0.840
359100000 359.41667 981.16 4.00 0.840
359110000 359.45833 981.60 4.00 0.840
359120000 359.50000 981.58 5.00 0.850
359130000 359.54167 981.59 4.00 0.840
359140000 359.58333 981.70 2.50 0.830
359150000 359.62500 981.70 4.50 0.840
359160000 359.66667 981.80 5.00 0.710
359170000 359.70833 981.50 6.50 0.720
359180000 359.75000 981.20 5.00 0.710
359190000 359.79167 981.30 5.00 0.710
359200000 359.83333 980.30 5.00 0.380
359210000 359.87500 0nan nan nan
359220000 359.91667 0nan nan nan
359230000 359.95833 979.09 7.00 0.860
359240000 360.00000 978.51 2.00 0.830
360010000 360.04167 978.00 1.00 0.810
360020000 360.08333 977.97 2.00 0.830
360030000 360.12500 977.40 2.00 0.830
360040000 360.16667 976.52 2.00 0.830
360050000 360.20833 976.30 2.00 0.830
360060000 360.25000 976.12 3.00 0.910
360070000 360.29167 976.16 3.00 0.910
360080000 360.33333 976.07 3.00 1.000
360090000 360.37500 976.40 3.00 0.830
360100000 360.41667 976.90 4.00 0.910
360110000 360.45833 978.20 4.50 0.960
360120000 360.50000 978.60 4.50 0.960
360130000 360.54167 979.37 5.00 0.850
360140000 360.58333 979.40 5.00 0.850
360150000 360.62500 981.52 5.00 0.850
360160000 360.66667 981.50 5.00 0.850
360170000 360.70833 981.00 5.00 0.850
360180000 360.75000 983.25 5.00 0.850
360190000 360.79167 984.14 6.00 0.850
360200000 360.83333 984.98 6.00 0.850
360210000 360.87500 985.82 6.00 0.850
360220000 360.91667 986.45 7.00 0.860
360230000 360.95833 986.84 7.00 0.860
360240000 361.00000 987.60 7.00 0.860
361010000 361.04167 988.30 6.00 0.850
361020000 361.08333 988.80 5.50 0.850
361030000 361.12500 988.80 5.00 0.850
361040000 361.16667 988.90 5.00 0.850
361050000 361.20833 988.66 5.00 0.850
361060000 361.25000 988.10 5.00 0.850
361070000 361.29167 987.00 5.00 0.850
361080000 361.33333 985.00 5.00 0.850
361090000 361.37500 980.70 5.00 0.850
361100000 361.41667 982.00 7.00 0.860
361110000 361.45833 978.10 7.00 0.860
361120000 361.50000 980.30 7.00 0.920
361130000 361.54167 979.80 9.00 0.750
361140000 361.58333 980.22 10.00 0.870
361150000 361.62500 980.30 8.50 0.740
361160000 361.66667 981.29 8.50 0.740
361170000 361.70833 981.63 9.00 0.750
361180000 361.75000 981.50 8.50 0.740
361190000 361.79167 982.30 9.00 0.750
361200000 361.83333 983.42 9.00 0.750
361210000 361.87500 984.37 10.00 0.870
361220000 361.91667 984.40 9.00 0.750
361230000 361.95833 985.55 10.00 0.870
361240000 362.00000 986.00 10.00 0.870
362010000 362.04167 985.20 10.00 0.870
362020000 362.08333 987.00 10.00 0.870
362030000 362.12500 985.20 10.00 0.870
362040000 362.16667 988.60 8.00 0.740
362050000 362.20833 989.34 9.00 0.870
362060000 362.25000 989.60 8.00 0.740
362070000 362.29167 990.18 8.00 0.740
362080000 362.33333 990.59 8.00 0.790
362090000 362.37500 991.61 8.50 0.800
362100000 362.41667 992.91 12.00 0.720
362110000 362.45833 993.81 13.00 0.780
362120000 362.50000 993.98 10.00 0.760
362130000 362.54167 994.00 10.50 0.760
362140000 362.58333 993.60 11.50 0.770
362150000 362.62500 993.43 15.00 0.890
362160000 362.66667 993.34 15.00 0.890
362170000 362.70833 993.40 12.00 0.770
362180000 362.75000 991.90 12.00 0.770
362190000 362.79167 992.00 12.00 0.770
362200000 362.83333 991.10 12.00 0.770
362210000 362.87500 991.03 11.00 0.660
362220000 362.91667 989.54 12.00 0.670
362230000 362.95833 989.50 13.00 0.780
362240000 363.00000 989.88 12.50 0.770
363010000 363.04167 990.18 11.00 0.710
363020000 363.08333 990.18 11.00 0.660
363030000 363.12500 989.59 11.00 0.710
363040000 363.16667 989.60 11.00 0.710
363050000 363.20833 990.20 10.00 0.650
363060000 363.25000 989.70 9.50 0.550
363070000 363.29167 989.90 10.00 0.650
363080000 363.33333 992.41 10.00 0.870
363090000 363.37500 993.14 10.00 0.870
363100000 363.41667 993.20 10.00 0.870
363110000 363.45833 995.74 11.00 0.660
363120000 363.50000 996.00 11.00 0.660
363130000 363.54167 998.00 11.00 0.660
363140000 363.58333 998.00 11.00 0.660
363150000 363.62500 999.60 11.00 0.570
363160000 363.66667 1000.60 11.00 0.660
363170000 363.70833 1001.60 10.00 0.560
363180000 363.75000 1002.70 11.50 0.570
363190000 363.79167 1003.70 11.50 0.570
363200000 363.83333 1004.30 12.50 0.630
363210000 363.87500 1005.40 14.00 0.740
363220000 363.91667 1005.50 12.50 0.670
363230000 363.95833 1006.00 12.50 0.670
363240000 364.00000 1006.40 11.00 0.660
364010000 364.04167 1006.40 13.00 0.780
364020000 364.08333 1006.60 10.00 0.870
364030000 364.12500 1006.60 10.00 0.870
364040000 364.16667 1004.00 10.00 0.870
364050000 364.20833 1006.00 10.00 0.870
364060000 364.25000 1005.00 10.00 0.870
364070000 364.29167 1005.00 10.00 0.870
364080000 364.33333 1005.40 10.00 0.870
364090000 364.37500 1005.60 10.00 0.760
364100000 364.41667 1005.80 12.00 0.770
364110000 364.45833 1005.50 13.00 0.690
364120000 364.50000 1004.80 14.00 0.700
364130000 364.54167 1004.50 12.50 0.690
364140000 364.58333 1004.30 12.50 0.690
364150000 364.62500 1004.10 13.00 0.600
364160000 364.66667 1003.80 13.50 0.600
364170000 364.70833 1004.10 14.00 0.550
364180000 364.75000 1003.90 14.00 0.550
364190000 364.79167 1005.80 11.00 0.660
364200000 364.83333 1005.40 11.00 0.660
364210000 364.87500 1005.30 11.00 0.660
364220000 364.91667 1007.00 11.00 0.660
364230000 364.95833 1009.00 11.00 0.660
364240000 365.00000 1009.80 9.00 0.630
365010000 365.04167 0nan nan nan
365020000 365.08333 0nan nan nan
365030000 365.12500 0nan nan nan
365040000 365.16667 0nan nan nan
365050000 365.20833 0nan nan nan
365060000 365.25000 0nan nan nan
365070000 365.29167 0nan nan nan
365080000 365.33333 0nan nan nan
365090000 365.37500 0nan nan nan
365100000 365.41667 0nan nan nan
365110000 365.45833 0nan nan nan
365120000 365.50000 0nan nan nan
365130000 365.54167 0nan nan nan
365140000 365.58333 0nan nan nan
365150000 365.62500 0nan nan nan
365160000 365.66667 0nan nan nan
365170000 365.70833 0nan nan nan
365180000 365.75000 0nan nan nan
365190000 365.79167 0nan nan nan
365200000 365.83333 0nan nan nan
365210000 365.87500 0nan nan nan
365220000 365.91667 0nan nan nan
365230000 365.95833 0nan nan nan
365240000 366.00000 0nan nan nan
